2018 02  2018.122 :  12.9   2.9
2018 03  2018.204 :  11.5   5.3
2018 04  2018.286 :  10.7   6.9
2018 05  2018.371 :  10.1   7.7
2018 06  2018.453 :   9.2   8.7
2018 07  2018.538 :   8.0   9.7
2018 08  2018.623 :   7.5  10.5
2018 09  2018.705 :   7.4  11.0
2018 10  2018.790 :   7.1  11.2
2018 11  2018.873 :   6.7  11.5
2018 12  2018.958 :   6.5  12.1
2019 01  2019.042 :   6.5  12.5
2019 02  2019.122 :   6.9  12.7
2019 03  2019.204 :   7.6  12.1
2019 04  2019.286 :   7.9  11.3
2019 05  2019.371 :   8.2  10.8
2019 06  2019.453 :   9.2  10.3
2019 07  2019.538 :  10.6  10.6
