 
6,738135781416229260E
-6
 
16,96416932670275910E
-6
 
34,67445238676743460E
-6
 
59,56251747103961240E
-6
 
89,43633254345895980E
-6
 
119,1091949684943930E
-6
 
140,2894521289630920E
-6
 
142,3299472845954770E
-6
 
113,8106243651559450E
-6
 
44,84233751015736400E
-6
-
70,38160359106137780E
-6
-
231,4308105343038160E
-6
-
430,4740332664521250E
-6
-
652,6441198692440370E
-6
-
878,0120205238056310E
-6
-0,001084866171807863
-0,001253480514314808
-0,001369290009739672
-0,001424424592538663
-0,001416889459262967
-0,001347392556658805
-0,001214661107517102
-0,001010852150840316
-
719,0659469629647450E
-6
-
314,7553016754245050E
-6
 
228,0160386524818250E
-6
 
925,9535061953971540E
-6
 0,001773717548830281
 0,002732522707606062
 0,003724476736453783
 0,004636512993510570
 0,005336017954610951
 0,005697349035968490
 0,005634988762938890
 0,005135941378426739
 0,004282112745479487
 0,003253661969944104
 0,002307089394636048
 0,001726942003750157
 0,001756659740428813
 0,002520786646795183
 0,003955884337913097
 0,005769325645798499
 0,007442674964100932
 0,008289340096796872
 0,007565516149760476
 0,004621033871392287
-
934,7950204133214810E
-6
-0,009085085360887724
-0,019309579573829977
-0,030570207565448100
-0,041394512500602214
-0,050055731707321832
-0,054828606305754972
-0,054282327139903761
-0,047560315457078117
-0,034593820504786786
-0,016203912359939159
 0,005936371798678879
 0,029484048650439815
 0,051730390500318170
 0,069981802182789960
 0,081955863899371456
 0,086126042894670615
 0,081955863899371456
 0,069981802182789960
 0,051730390500318170
 0,029484048650439815
 0,005936371798678879
-0,016203912359939159
-0,034593820504786786
-0,047560315457078117
-0,054282327139903761
-0,054828606305754972
-0,050055731707321832
-0,041394512500602214
-0,030570207565448100
-0,019309579573829977
-0,009085085360887724
-
934,7950204133214810E
-6
 0,004621033871392287
 0,007565516149760476
 0,008289340096796872
 0,007442674964100932
 0,005769325645798499
 0,003955884337913097
 0,002520786646795183
 0,001756659740428813
 0,001726942003750157
 0,002307089394636048
 0,003253661969944104
 0,004282112745479487
 0,005135941378426739
 0,005634988762938890
 0,005697349035968490
 0,005336017954610951
 0,004636512993510570
 0,003724476736453783
 0,002732522707606062
 0,001773717548830281
 
925,9535061953971540E
-6
 
228,0160386524818250E
-6
-
314,7553016754245050E
-6
-
719,0659469629647450E
-6
-0,001010852150840316
-0,001214661107517102
-0,001347392556658805
-0,001416889459262967
-0,001424424592538663
-0,001369290009739672
-0,001253480514314808
-0,001084866171807863
-
878,0120205238056310E
-6
-
652,6441198692440370E
-6
-
430,4740332664521250E
-6
-
231,4308105343038160E
-6
-
70,38160359106137780E
-6
 
44,84233751015736400E
-6
 
113,8106243651559450E
-6
 
142,3299472845954770E
-6
 
140,2894521289630920E
-6
 
119,1091949684943930E
-6
 
89,43633254345895980E
-6
 
59,56251747103961240E
-6
 
34,67445238676743460E
-6
 
16,96416932670275910E
-6
 
6,738135781416229260E
-6

