 
764,3435343074913820E
-6
 0,001097047743424488
 0,001143162657224760
 0,001007216205380422
 
863,2408513328718980E
-6
 
660,8820755198037200E
-6
 
210,3823775710526720E
-6
-
576,3019451632591200E
-6
-0,001661927269868616
-0,002987731870808053
-0,004474629081339483
-0,005979461907368596
-0,007324352228653990
-0,008335017210369272
-0,008831443614162023
-0,008633088266409229
-0,007597511337038306
-0,005640364841279309
-0,002739638268000195
 0,001042108754733633
 0,005538432969116958
 0,010486137411055205
 0,015537770286752732
 0,020272967064561342
 0,024229628494548468
 0,026949706065334301
 0,028019994931855918
 0,027113614487215668
 0,024036887563537071
 0,018764343126772200
 0,011455045521728298
 0,002458717575321151
-0,007693420326326851
-0,018322100724474065
-0,028649416954109764
-0,037856175322687993
-0,045150255837369868
-0,049840330672769155
-0,051401058738090914
-0,049526176277932113
-0,044168736932508709
-0,035559023962502094
-0,024195312579128783
-0,010812626631120429
 0,003669120636847748
 0,018218110685210790
 0,031775882932307459
 0,043344392065827811
 0,052070599435562040
 0,057321500448435599
 0,058738559091750436
 0,056267202851857177
 0,050161382348466288
 0,040960230217824419
 0,029437257900187495
 0,016529833471765270
 0,003255831051400377
-0,009377301512791857
-0,020461110812636307
-0,029261868010143664
-0,035278386370222743
-0,038277539886491775
-0,038302207776145660
-0,035651815684928860
-0,030840153322218490
-0,024534157009264718
-0,017479136270308521
-0,010420220755458785
-0,004028578297684372
 0,001161949282823649
 0,004801090295641286
 0,006745647799385301
 0,007059840976353955
 0,005994172028416301
 0,003944503720900881
 0,001396555074466770
-0,001136133968076598
-0,003174311951458220
-0,004329319451755826
-0,004346451818352841
-0,003130580060766759
-
753,0159732371585050E
-6
 0,002560689083612341
 0,006461059783904729
 0,010518413429012389
 0,014273936097870789
 0,017293104042276866
 0,019215513438033845
 0,019794602087820426
 0,018923434723784372
 0,016644875972449885
 0,013144786797653267
 0,008729114152748735
 0,003788804066919669
-0,001243185783637143
-0,005938546186556008
-0,009918234576034125
-0,012889612164783295
-0,014672934409956840
-0,015214892206980673
-0,014587482801131665
-0,012973092868365680
-0,010638672298239142
-0,007901910051295775
-0,005093169350242243
-0,002518257388219104
-
426,2529919961923500E
-6
 0,001014823911284642
 0,001731879468387982
 0,001748592323081583
 0,001176049346412657
 
194,0099039535491270E
-6
-
975,1449968356996580E
-6
-0,002096384211767657
-0,002951761406015493
-0,003366744717728435
-0,003230558439866779
-0,002507980438660163
-0,001241457547088145
 
455,8452782827555440E
-6
 0,002415013685283368
 0,004432707652343030
 0,006295810656249796
 0,007806192648589760
 0,008803120991711792
 0,009180842076492361
 0,008899097442965135
 0,007985811449248998
 0,006532241617247481
 0,004681134033901577
 0,002609383109937392
 
507,7536778279352920E
-6
-0,001439956805435560
-0,003076249646079007
-0,004285424934011531
-0,005003461319593356
-0,005221715265325220
-0,004984376091809540
-0,004379966600473522
-0,003528255134201477
-0,002564560853704275
-0,001623175829866096
-
821,7241179189168180E
-6
-
248,4860850737748020E
-6
 
45,99874399321434740E
-6
 
52,55365841977015860E
-6
-
198,0910851025423650E
-6
-
641,5860667075955920E
-6
-0,001189887999838550
-0,001743399827219292
-0,002204026059675366
-0,002487513687918055
-0,002533448898491629
-0,002311983441062773
-0,001826773787739924
-0,001113754219250784
-
236,0465867933220070E
-6
 
724,0235221567018020E
-6
 0,001674822718277481
 0,002526141685497279
 0,003199329428060836
 0,003635603914415196
 0,003801844424847999
 0,003693299909508892
 0,003332876407742886
 0,002767342143975114
 0,002061149773043466
 0,001288553954788282
 
524,9728851664386870E
-6
-
161,2200665931128190E
-6
-
715,5988443613255190E
-6
-0,001102695373610872
-0,001308546730375125
-0,001340549105941461
-0,001224926660715117
-0,001002255327200592
-
721,5425023947129830E
-6
-
433,6952103377703340E
-6
-
185,2759565269576000E
-6
-
13,15825576606209070E
-6
 
59,38724485471732350E
-6
 
24,67767749650294110E
-6
-
109,4328134969395880E
-6
-
321,4090572277152090E
-6
-
579,4406120038573820E
-6
-
845,9750895542078980E
-6
-0,001082678947384864
-0,001255193749738861
-0,001337236354864513
-0,001313558441368457
-0,001181392198963078
-
950,3616176927732800E
-6
-
640,9939986468355070E
-6
-
281,9910161863512600E
-6
 
93,35362966654939500E
-6
 
451,0414045358954810E
-6
 
760,1333845976995460E
-6
 
996,0202176081780860E
-6
 0,001142776922108672
 0,001194359359188481
 0,001154648706076339
 0,001036393135471593
 
859,1723603123938350E
-6
 
646,7286047114262150E
-6
 
424,0537358817518910E
-6
 
214,5243098834092170E
-6
 
37,40755883492412440E
-6
-
93,93414866517508700E
-6
-
173,0032100263048280E
-6
-
200,2856288124491190E
-6
-
182,5306763275913230E
-6
-
131,3155943234278030E
-6
-
61,17274581862766780E
-6
 
12,46873365404506370E
-6
 
75,31379659746626490E
-6
 
115,9340804481301180E
-6
 
126,9824039433407280E
-6
 
105,8210448293955890E
-6
 
54,54001638850100160E
-6
-
20,63596932277260980E
-6
-
110,4229306453364070E
-6
-
203,8335740613968310E
-6
-
289,6549294792565660E
-6
-
357,8761764184989150E
-6
-
400,8591103412577470E
-6
-
414,1248647869198290E
-6
-
396,7206119279811670E
-6
-
351,1359663961412710E
-6
-
282,7888475259179020E
-6
-
199,2009282253078770E
-6
-
108,9961851125276700E
-6
-
20,83124541425132750E
-6
 
57,60087058426690730E
-6
 
120,3540550747584490E
-6
 
163,7358542858223130E
-6
 
186,5116072144037390E
-6
 
189,7863152640046280E
-6
 
176,6052482212973020E
-6
 
151,3684392890144750E
-6
 
119,1432232432045170E
-6
 
84,95848190278070430E
-6
 
53,18649737565227300E
-6
 
27,09034046324838480E
-6
 
8,565674198498289370E
-6
-
1,906462408638655020E
-6
-
5,099473943735315370E
-6
-
2,724082719648701630E
-6
 
2,978655291251661290E
-6
 
9,675844555693808860E
-6
 
15,34647066206822080E
-6
 
18,58555577399489070E
-6
 
18,77476138260484360E
-6
 
16,10907656539204420E
-6
 
11,48171384630279060E
-6
 
6,254546877539645780E
-6
 
1,962265163540228620E
-6

